siruta,valoare_masculin,valoare_feminin,total
1017,32499,36344,68843
1071,1429,1444,2873
1151,2809,2802,5611
1213,12496,13164,25660
1348,10017,10499,20516
1455,3758,3773,7531
1696,12462,12988,25450
1794,7273,7545,14818
1874,14393,15416,29809
1936,3970,4097,8067
2130,1073,1064,2137
2309,698,670,1368
2381,876,869,1745
2577,838,807,1645
2915,2080,2054,4134
2988,1031,1053,2084
3039,2527,2286,4813
3397,536,494,1030
3459,754,787,1541
3761,473,475,948
3805,822,726,1548
3841,151,133,284
3958,1441,1543,2984
4008,594,573,1167
4106,883,910,1793
4142,1077,1102,2179
4188,1109,1060,2169
4240,1564,1539,3103
4268,492,487,979
4302,789,738,1527
4366,2163,2247,4410
4482,1033,1065,2098
4525,817,857,1674
4703,614,588,1202
4767,1098,1073,2171
4927,3339,3290,6629
4981,321,321,642
5103,2595,2585,5180
5167,670,632,1302
5210,1432,1347,2779
5309,1258,1206,2464
5336,1777,1712,3489
5577,1503,1427,2930
5700,1727,1660,3387
5755,1079,1060,2139
5826,425,395,820
6048,903,845,1748
6119,331,299,630
6164,378,366,744
6217,1777,1712,3489
6271,635,535,1170
6397,278,235,513
6468,568,571,1139
6547,684,628,1312
6592,521,554,1075
6627,251,284,535
6761,1445,1459,2904
6930,782,764,1546
6976,811,784,1595
7044,1162,1114,2276
7099,3091,2952,6043
7197,856,776,1632
7348,1331,1254,2585
7384,1537,1510,3047
7446,915,864,1779
7767,1304,1247,2551
7810,1248,1233,2481
7865,2260,2157,4417
7945,1229,1208,2437
8014,1482,1399,2881
8096,3639,3735,7374
8158,2553,2606,5159
8229,745,697,1442
8354,1601,1535,3136
8425,868,845,1713
8826,2679,2766,5445
9019,625,638,1263
9026,1187,1163,2350
9262,76440,87517,163957
9280,1783,1715,3498
9333,1492,1601,3093
9360,1412,1399,2811
9397,5817,6083,11900
9459,4002,4223,8225
9495,3923,4224,8147
9538,4634,4851,9485
9574,5256,5601,10857
9627,3955,4023,7978
9654,3732,3875,7607
9690,3019,3153,6172
9743,1414,1467,2881
9798,1817,1719,3536
9832,790,793,1583
9887,599,590,1189
9930,1497,1604,3101
10006,971,1051,2022
10051,949,947,1896
10104,1334,1419,2753
10195,1718,1850,3568
10239,634,614,1248
10293,1641,1781,3422
10346,570,581,1151
10373,1398,1390,2788
10417,693,741,1434
10453,1209,1224,2433
10514,1279,1324,2603
10532,1444,1477,2921
10649,638,642,1280
10701,782,765,1547
10765,726,662,1388
10827,1569,1554,3123
10872,1964,2232,4196
10916,1260,1252,2512
10943,1967,2181,4148
11058,1506,1529,3035
11174,602,682,1284
11236,660,684,1344
11307,367,352,719
11352,1191,1244,2435
11398,3254,3402,6656
11423,1849,1907,3756
11478,464,519,983
11502,1063,1052,2115
11539,2136,2204,4340
11584,6775,7149,13924
11637,838,912,1750
11664,761,758,1519
11735,1101,1091,2192
11762,566,634,1200
11842,1531,1626,3157
11940,3094,3168,6262
11995,1481,1576,3057
12037,1959,1988,3947
12055,1855,1941,3796
12091,6679,6665,13344
12126,1133,1146,2279
12144,1977,2004,3981
12206,1559,1539,3098
12224,1313,1327,2640
12242,2167,2249,4416
12288,410,462,872
12340,2204,2157,4361
12368,4309,4348,8657
12402,188,183,371
12457,923,960,1883
12509,3162,3055,6217
12572,902,943,1845
12643,3180,3320,6500
12689,1393,1449,2842
12778,2286,2369,4655
12812,1345,1404,2749
12849,666,714,1380
12876,2402,2416,4818
12912,801,773,1574
12920,1366,1371,2737
12938,1332,1296,2628
13169,78688,87758,166446
13187,4945,5084,10029
13276,3367,3463,6830
13301,16300,17249,33549
13365,2584,2742,5326
13392,7167,7449,14616
13490,16978,18501,35479
13524,2148,2208,4356
13622,15384,16862,32246
13668,5186,5329,10515
13757,4886,5553,10439
13819,2903,3022,5925
13891,705,729,1434
13935,1917,1997,3914
13999,1656,1677,3333
14049,1260,1272,2532
14085,1462,1473,2935
14165,3090,3057,6147
14272,2061,2097,4158
14352,953,895,1848
14405,1726,1766,3492
14450,2551,2645,5196
14584,2246,2228,4474
14673,1252,1271,2523
14726,573,567,1140
14753,900,942,1842
14851,2009,2020,4029
14922,1499,1482,2981
14940,2947,3058,6005
15064,1181,1331,2512
15108,5658,5611,11269
15233,1951,1962,3913
15313,1128,1136,2264
15402,1495,1549,3044
15448,1042,1068,2110
15493,1204,1327,2531
15554,540,560,1100
15652,1165,1076,2241
15741,2843,2909,5752
15830,2040,2111,4151
15901,2749,2693,5442
15983,947,1010,1957
16132,1062,1056,2118
16285,1518,1526,3044
16329,437,459,896
16365,1814,1846,3660
16427,894,901,1795
16454,1628,1640,3268
16472,1302,1273,2575
16506,925,987,1912
16551,1510,1567,3077
16613,1190,1188,2378
16659,1022,991,2013
16739,1120,1236,2356
16757,2879,2929,5808
16908,2227,2471,4698
16944,1344,1540,2884
17049,2235,2271,4506
17101,2497,2510,5007
17209,2305,2283,4588
17254,2984,3070,6054
17334,799,829,1628
17398,1238,1231,2469
17423,885,964,1849
17496,2578,2579,5157
17575,1103,1230,2333
17619,1897,2075,3972
17726,1131,1275,2406
17771,713,740,1453
17824,1458,1436,2894
17851,2860,2964,5824
17913,554,587,1141
17968,1668,1767,3435
18028,3435,3477,6912
18162,1003,1041,2044
18242,1737,1773,3510
18331,1551,1630,3181
18411,1412,1520,2932
18475,1187,1338,2525
18527,3072,2923,5995
18554,1138,1107,2245
18581,880,893,1773
18670,2497,2569,5066
18741,2432,2306,4738
18778,2424,2513,4937
18858,2206,2276,4482
18938,1696,1781,3477
19007,1493,1606,3099
19114,1177,1245,2422
19141,1296,1211,2507
19212,671,767,1438
19249,1645,1844,3489
19338,2530,2585,5115
19392,1021,1031,2052
19560,1551,1648,3199
19631,1484,1494,2978
19695,1391,1382,2773
19793,1869,1931,3800
19999,1587,1576,3163
20048,701,735,1436
20055,1451,1438,2889
20063,1624,1619,3243
20297,82659,91101,173760
20313,2536,2536,5072
20359,3384,3414,6798
20411,2451,2539,4990
20466,4988,4888,9876
20563,22672,25638,48310
20607,2793,2668,5461
20670,2491,2469,4960
20778,9403,9988,19391
20821,11409,11657,23066
20876,11262,11950,23212
20910,2422,2447,4869
20965,6125,6681,12806
21007,3273,3336,6609
21098,1233,1159,2392
21123,3635,3467,7102
21196,4038,3864,7902
21249,1065,1093,2158
21338,2939,2773,5712
21418,2734,2620,5354
21454,2504,2459,4963
21506,3656,3752,7408
21560,1390,1374,2764
21597,1775,1664,3439
21668,2549,2431,4980
21720,2128,2219,4347
21757,2720,2685,5405
21855,3555,3470,7025
21891,1162,1047,2209
21971,2862,2775,5637
22059,1696,1754,3450
22111,925,911,1836
22166,7158,7194,14352
22237,1369,1331,2700
22380,5665,5642,11307
22460,2609,2725,5334
22488,1159,1086,2245
22576,2357,2424,4781
22665,1476,1394,2870
22718,2604,2400,5004
22781,3503,3444,6947
22834,1669,1715,3384
22898,3615,3396,7011
22941,2627,2391,5018
23047,1288,1307,2595
23127,893,819,1712
23207,1610,1455,3065
23289,2714,2601,5315
23350,2600,2634,5234
23387,2234,2216,4450
23449,2744,2810,5554
23494,1771,1727,3498
23644,1424,1422,2846
23715,4815,4719,9534
23797,4794,4635,9429
23868,863,827,1690
23948,1968,2029,3997
23975,1731,1691,3422
24034,1753,1744,3497
24089,1957,1822,3779
24187,2241,2101,4342
24276,2378,2378,4756
24338,3376,3238,6614
24427,1720,1659,3379
24524,2461,2515,4976
24631,4192,3995,8187
24711,1732,1765,3497
24766,4198,4058,8256
24837,2425,2367,4792
24999,1159,1130,2289
25068,5014,5082,10096
25148,2318,2172,4490
25228,2732,2655,5387
25291,1529,1515,3044
25362,1100,1045,2145
25488,1876,1800,3676
25521,2437,2230,4667
25629,1343,1215,2558
25692,1669,1561,3230
25745,1295,1142,2437
25825,2900,2753,5653
25861,1462,1473,2935
25932,2017,1882,3899
26029,1997,1857,3854
26083,2189,2085,4274
26118,1017,959,1976
26289,2484,2429,4913
26320,1311,1245,2556
26338,1734,1714,3448
26346,2004,1875,3879
26353,1349,1268,2617
26361,1306,1309,2615
26379,842,814,1656
26564,95813,108576,204389
26582,4854,4849,9703
26653,2311,2390,4701
26699,5210,5445,10655
26742,1881,1858,3739
26804,5327,5720,11047
26840,3931,4107,8038
26877,8172,8658,16830
26920,1246,1282,2528
26975,8726,9350,18076
27007,1272,1331,2603
27070,1534,1542,3076
27169,1506,1587,3093
27212,1505,1513,3018
27285,1708,1709,3417
27329,1732,1700,3432
27383,2543,2634,5177
27436,2024,2082,4106
27506,709,656,1365
27560,1934,1962,3896
27631,1854,2061,3915
27686,2460,2604,5064
27757,1894,1874,3768
27846,1337,1395,2732
27908,955,983,1938
27935,1075,1018,2093
27971,2237,2204,4441
28077,937,938,1875
28139,822,878,1700
28193,944,998,1942
28246,1231,1152,2383
28335,1863,1882,3745
28415,1099,1111,2210
28497,1205,1288,2493
28530,1574,1613,3187
28610,1076,1157,2233
28665,2251,2229,4480
28709,1248,1251,2499
28763,1494,1437,2931
28816,1108,1071,2179
28889,684,692,1376
28941,1264,1248,2512
29001,1867,1935,3802
29038,1335,1306,2641
29092,3489,3470,6959
29154,2738,2718,5456
29243,1401,1526,2927
29341,1274,1274,2548
29403,1806,1849,3655
29467,1838,1798,3636
29519,1586,1611,3197
29573,1564,1662,3226
29662,1184,1151,2335
29724,2292,2191,4483
29760,817,805,1622
29813,1563,1521,3084
29902,1763,1675,3438
29948,1358,1429,2787
30014,1406,1398,2804
30069,1369,1383,2752
30149,2505,2423,4928
30229,1385,1385,2770
30274,3318,3294,6612
30336,1599,1625,3224
30416,745,761,1506
30470,1543,1482,3025
30568,3963,3986,7949
30648,942,1066,2008
30719,1417,1485,2902
30773,1523,1523,3046
30844,1291,1189,2480
30871,847,928,1775
30915,5834,5997,11831
30988,1478,1581,3059
31011,2173,2207,4380
31057,692,758,1450
31128,1258,1338,2596
31208,594,576,1170
31262,2178,2209,4387
31333,1880,1922,3802
31379,587,556,1143
31422,1309,1384,2693
31510,1594,1640,3234
31565,1310,1304,2614
31609,944,1041,1985
31654,2269,2280,4549
31716,3519,3628,7147
31789,3994,4075,8069
31841,1401,1424,2825
31878,1554,1540,3094
31921,1080,1096,2176
31976,2011,2055,4066
32027,4987,5398,10385
32045,674,675,1349
32090,1127,1050,2177
32153,974,1023,1997
32161,1112,1075,2187
32179,1079,1085,2164
32187,1522,1604,3126
32195,942,959,1901
32201,1154,1174,2328
32394,41424,44140,85564
32483,5630,5992,11622
32544,5311,5702,11013
32599,5537,5507,11044
32633,2132,2278,4410
32660,1570,1589,3159
32704,1621,1582,3203
32768,967,957,1924
32811,2057,1941,3998
32884,1393,1334,2727
32955,853,805,1658
33015,1594,1509,3103
33122,1107,1106,2213
33177,946,1009,1955
33202,2486,2482,4968
33248,3903,3706,7609
33275,1270,1303,2573
33337,1231,1248,2479
33364,1698,1655,3353
33382,2689,2624,5313
33435,3067,3075,6142
33514,1561,1341,2902
33541,2552,2387,4939
33603,1571,1595,3166
33621,3931,3907,7838
33658,1338,1365,2703
33729,1007,1036,2043
33765,1276,1277,2553
33845,547,550,1097
33881,691,680,1371
33952,698,777,1475
33989,2600,2674,5274
34075,1408,1439,2847
34155,1335,1308,2643
34173,1837,1846,3683
34235,3083,3312,6395
34262,1580,1413,2993
34280,2479,2372,4851
34333,3233,3096,6329
34360,897,844,1741
34397,1436,1417,2853
34422,498,554,1052
34477,766,774,1540
34547,1939,1833,3772
34618,1716,1766,3482
34645,1582,1501,3083
34690,2151,2199,4350
34770,1226,1294,2520
34850,1329,1341,2670
34903,1796,1915,3711
34985,2927,2963,5890
35054,3025,2982,6007
35090,3261,3142,6403
35152,1689,1665,3354
35269,1814,1844,3658
35312,1045,963,2008
35429,1812,1751,3563
35731,54446,59879,114325
35759,2377,2405,4782
35839,2429,2451,4880
35884,1776,1733,3509
35946,5826,5772,11598
36006,14041,15103,29144
36060,3752,4131,7883
36131,3349,3227,6576
36202,1891,1803,3694
36300,2500,2430,4930
36373,1027,1038,2065
36426,1667,1715,3382
36453,2503,2676,5179
36499,1816,1740,3556
36532,947,959,1906
36569,2102,2014,4116
36649,929,997,1926
36676,1181,1224,2405
36756,3486,3294,6780
36809,2426,2391,4817
36907,2497,2376,4873
36952,1825,1936,3761
37011,1530,1533,3063
37057,1475,1551,3026
37100,1373,1355,2728
37173,1381,1322,2703
37217,2006,1960,3966
37280,5898,5887,11785
37324,3048,2965,6013
37397,1711,1723,3434
37459,1692,1702,3394
37547,2290,2401,4691
37618,1083,1063,2146
37672,1771,1804,3575
37734,1789,1852,3641
37770,3030,3126,6156
37823,1967,2092,4059
37850,1322,1323,2645
37912,2152,2210,4362
37958,1687,1760,3447
38063,3689,3606,7295
38161,1341,1378,2719
38241,1107,1160,2267
38321,1361,1351,2712
38376,937,937,1874
38456,1344,1342,2686
38492,1529,1630,3159
38544,1364,1371,2735
38580,1668,1677,3345
38633,1789,1825,3614
38679,1473,1515,2988
38731,1084,1050,2134
38811,1711,1674,3385
38848,1027,981,2008
38893,1523,1509,3032
38982,2407,2529,4936
39051,1519,1529,3048
39122,2211,2219,4430
39168,2801,2790,5591
39220,1374,1398,2772
39266,1802,1734,3536
39328,2790,2806,5596
39391,2693,2445,5138
39417,3504,3426,6930
39532,1419,1381,2800
39612,1121,1123,2244
39658,981,1017,1998
39694,1835,1923,3758
39738,2467,2535,5002
39792,1551,1598,3149
39836,2210,2100,4310
39872,4007,3929,7936
39942,1093,1062,2155
39959,670,684,1354
39967,1028,1127,2155
39975,1500,1484,2984
39983,1128,1091,2219
40035,758,743,1501
40198,130676,145382,276058
40214,2681,2894,5575
40241,12196,12472,24668
40278,17727,19465,37192
40303,2453,2703,5156
40367,8053,8525,16578
40394,2742,2805,5547
40438,16456,17350,33806
40465,4161,4295,8456
40492,12666,12864,25530
40526,1686,1634,3320
40544,812,845,1657
40606,2302,2359,4661
40633,2642,2732,5374
40688,2216,2104,4320
40704,1297,1254,2551
40768,1383,1344,2727
40820,931,928,1859
40857,1430,1400,2830
40900,2356,2454,4810
40928,2648,2513,5161
40955,3556,3547,7103
40991,403,369,772
41033,2406,2392,4798
41088,2728,2869,5597
41113,1175,1060,2235
41177,2596,2583,5179
41248,1179,1177,2356
41284,1240,1222,2462
41346,860,839,1699
41382,1520,1444,2964
41417,1507,1527,3034
41471,2375,2346,4721
41541,1064,1076,2140
41578,1114,1076,2190
41621,1664,1518,3182
41667,4625,4736,9361
41701,1742,1756,3498
41738,1608,1652,3260
41818,1607,1568,3175
41854,1869,1897,3766
41925,2305,2373,4678
41943,973,926,1899
42003,4331,4324,8655
42058,2159,2139,4298
42076,503,486,989
42101,1155,1181,2336
42156,1089,1071,2160
42183,1709,1613,3322
42236,1055,1016,2071
42307,1607,1531,3138
42398,2472,2385,4857
42449,866,791,1657
42456,1232,1223,2455
42464,764,741,1505
42472,627,635,1262
42480,646,599,1245
42498,949,902,1851
42682,98597,109212,207809
42708,2957,2874,5831
42753,1932,2033,3965
42771,740,741,1481
42824,1657,1599,3256
42842,1622,1465,3087
42913,1374,1310,2684
42968,1372,1359,2731
43019,1538,1661,3199
43073,1899,1774,3673
43117,770,725,1495
43180,1588,1582,3170
43242,870,912,1782
43279,1095,1165,2260
43313,1641,1656,3297
43331,5451,5571,11022
43411,3566,3412,6978
43466,1551,1676,3227
43493,1570,1471,3041
43563,1713,1734,3447
43625,1706,1653,3359
43652,2140,2078,4218
43698,571,635,1206
43732,1058,1075,2133
43787,955,960,1915
43812,1418,1458,2876
43867,1340,1348,2688
43929,663,686,1349
43992,929,938,1867
44060,1764,1763,3527
44113,1228,1336,2564
44140,2261,2238,4499
44177,1910,1861,3771
44202,1789,1787,3576
44257,936,999,1935
44300,2738,2772,5510
44328,1935,1912,3847
44355,1313,1297,2610
44391,2036,2038,4074
44435,1963,1902,3865
44462,1210,1261,2471
44505,3085,2987,6072
44532,1590,1650,3240
44560,1759,1677,3436
44818,61735,68396,130131
44845,18624,20282,38906
44863,1202,1232,2434
44934,1268,1377,2645
44989,820,906,1726
45003,2273,2345,4618
45101,4258,4601,8859
45245,1397,1307,2704
45334,515,544,1059
45361,1116,1239,2355
45389,577,607,1184
45496,1207,1260,2467
45539,1198,1175,2373
45619,1360,1326,2686
45673,1500,1568,3068
45753,2230,2207,4437
45815,1891,1948,3839
45888,452,432,884
45959,1264,1178,2442
46019,1896,2021,3917
46108,292,324,616
46180,1760,1761,3521
46251,981,921,1902
46313,2478,2546,5024
46377,2820,2749,5569
46439,551,563,1114
46484,2360,2413,4773
46554,1014,1067,2081
46769,2084,2181,4265
46803,1792,1698,3490
46830,1132,1235,2367
46867,2118,2151,4269
46910,1891,2002,3893
47006,2739,2748,5487
47079,1734,1718,3452
47159,819,802,1621
47186,2047,1983,4030
47300,1466,1419,2885
47337,1105,1129,2234
47373,4175,4347,8522
47417,343,376,719
47453,3412,3469,6881
47578,993,995,1988
47630,1383,1360,2743
47774,1293,1332,2625
47818,480,544,1024
47854,891,939,1830
47916,5477,5681,11158
48021,459,439,898
48138,2052,2224,4276
48165,216,251,467
48227,1221,1332,2553
48325,3765,3973,7738
48487,1623,1795,3418
48557,2904,2972,5876
48682,1584,1621,3205
48744,3681,3791,7472
48771,2975,3078,6053
48842,1944,2187,4131
48922,666,717,1383
48968,2308,2352,4660
49019,586,531,1117
49046,1868,1974,3842
49073,2472,2454,4926
49153,1699,1758,3457
49206,1667,1677,3344
49233,696,639,1335
49313,1465,1521,2986
49439,1150,1178,2328
49484,1576,1528,3104
49545,3394,3410,6804
49625,1511,1599,3110
49643,2400,2338,4738
49769,2154,2197,4351
49849,2294,2263,4557
49894,1546,1639,3185
49956,4867,5063,9930
50022,2874,2949,5823
50068,371,387,758
50102,4515,4684,9199
50228,1581,1530,3111
50326,1871,1835,3706
50399,736,772,1508
50415,2557,2562,5119
50479,2278,2292,4570
50549,1296,1230,2526
50564,795,807,1602
50790,38956,42565,81521
50889,4204,4255,8459
50923,2844,3017,5861
50969,8331,8591,16922
50987,353,374,727
51010,13447,14722,28169
51056,6309,6533,12842
51118,6069,6461,12530
51207,5630,6022,11652
51243,1202,1229,2431
51305,965,989,1954
51332,1312,1299,2611
51387,554,578,1132
51449,1348,1477,2825
51500,1957,2030,3987
51546,743,683,1426
51573,1578,1648,3226
51626,528,543,1071
51662,61,62,123
51699,1069,1102,2171
51751,1501,1443,2944
51804,1537,1545,3082
51840,497,505,1002
51877,1500,1528,3028
51948,789,837,1626
51984,522,604,1126
52035,347,290,637
52062,570,549,1119
52115,888,976,1864
52160,1495,1435,2930
52570,797,863,1660
52650,1025,984,2009
52696,1008,1030,2038
52721,611,714,1325
52758,681,693,1374
52785,950,973,1923
52856,940,904,1844
52909,687,660,1347
52936,913,997,1910
52954,443,438,881
52990,1102,1105,2207
53023,1116,1166,2282
53069,597,659,1256
53103,858,918,1776
53130,1368,1314,2682
53167,1450,1452,2902
53210,586,592,1178
53247,1361,1358,2719
53274,2059,2118,4177
53327,344,390,734
53345,555,604,1159
53372,1795,1789,3584
53425,1312,1258,2570
53489,971,938,1909
53513,1496,1521,3017
53577,1262,1290,2552
53639,764,787,1551
53675,1041,1067,2108
53700,835,845,1680
53728,988,1016,2004
53755,807,796,1603
53791,713,820,1533
53853,1169,1239,2408
54056,1507,1501,3008
54109,993,1029,2022
54163,631,667,1298
54270,2010,2132,4142
54305,1069,1010,2079
54350,848,925,1773
54387,1267,1362,2629
54412,1756,1780,3536
54485,477,444,921
54500,796,807,1603
54537,819,815,1634
54573,589,577,1166
54617,2026,2015,4041
54699,431,491,922
54975,142183,162619,304802
55008,18485,19514,37999
55062,1432,1552,2984
55106,586,617,1203
55160,1885,1978,3863
55259,27100,29280,56380
55277,2806,2948,5754
55311,986,966,1952
55357,12706,13372,26078
55384,10642,11389,22031
55446,4735,5007,9742
55473,3481,3524,7005
55598,561,561,1122
55623,619,619,1238
55687,5460,5419,10879
55776,796,829,1625
55838,4819,5044,9863
55918,1132,1103,2235
56014,649,579,1228
56096,797,827,1624
56210,2514,2584,5098
56265,732,742,1474
56327,633,639,1272
56354,1209,1168,2377
56425,1269,1240,2509
56461,1221,1221,2442
56522,1371,1335,2706
56568,1638,1654,3292
56666,2447,2470,4917
56773,992,955,1947
56844,1972,2023,3995
56988,1472,1503,2975
57083,1274,1286,2560
57163,810,793,1603
57225,730,773,1503
57314,1207,1229,2436
57350,2192,2159,4351
57449,757,793,1550
57546,768,780,1548
57582,1788,1904,3692
57644,1286,1320,2606
57706,8909,9468,18377
57742,2116,1961,4077
57831,814,824,1638
57902,4372,4374,8746
57948,1254,1312,2566
58008,2156,2192,4348
58142,2155,2189,4344
58204,786,826,1612
58259,2172,2139,4311
58311,2405,2382,4787
58357,1148,1071,2219
58393,752,806,1558
58464,767,768,1535
58534,760,730,1490
58552,2023,1918,3941
58623,1714,1688,3402
58721,1707,1755,3462
58794,568,590,1158
58856,923,907,1830
58918,800,817,1617
58990,351,304,655
59041,2501,2684,5185
59130,736,801,1537
59238,739,755,1494
59283,709,748,1457
59327,2196,2254,4450
59416,1185,1294,2479
59434,770,890,1660
59498,726,769,1495
59586,1273,1225,2498
59657,825,880,1705
59693,2447,2273,4720
59764,1219,1220,2439
59826,989,986,1975
59880,1423,1423,2846
59942,961,988,1949
60026,483,417,900
60062,2909,3053,5962
60099,744,702,1446
60169,1213,1276,2489
60419,139921,159128,299049
60455,4973,5586,10559
60482,19132,20411,39543
60507,17937,18772,36709
60534,3741,3954,7695
60570,3685,3587,7272
60598,2793,2782,5575
60632,3166,3117,6283
60687,7124,7332,14456
60721,3413,3555,6968
60776,8998,9353,18351
60801,5113,5390,10503
60847,21233,22445,43678
60883,1219,1131,2350
60945,1763,1752,3515
61005,1521,1370,2891
61069,2743,2765,5508
61121,2680,2614,5294
61167,756,728,1484
61210,1675,1675,3350
61256,1778,1655,3433
61283,1529,1505,3034
61318,4569,4496,9065
61372,2782,2670,5452
61452,967,886,1853
61513,3122,3017,6139
61559,1664,1496,3160
61620,6200,6349,12549
61675,1218,1176,2394
61737,1583,1433,3016
61808,909,855,1764
61826,1360,1322,2682
61871,1575,1463,3038
61951,1105,972,2077
62020,1331,1280,2611
62057,1598,1547,3145
62137,1183,1095,2278
62191,5024,5170,10194
62253,1858,1693,3551
62280,2618,2453,5071
62360,5357,5435,10792
62397,2747,2803,5550
62440,2587,2519,5106
62486,1334,1402,2736
62538,2687,2607,5294
62609,965,838,1803
62672,1696,1628,3324
62707,1828,1634,3462
62761,2512,2541,5053
62798,2039,1875,3914
62823,657,645,1302
62878,1179,1092,2271
62903,1126,1027,2153
62949,712,704,1416
62985,826,769,1595
63045,886,881,1767
63072,2909,2927,5836
63125,6195,6275,12470
63152,4990,4946,9936
63161,296,298,594
63170,355,342,697
63189,898,825,1723
63198,1395,1338,2733
63278,934,936,1870
63286,1330,1390,2720
63294,943,907,1850
63300,1955,1976,3931
63318,1253,1228,2481
63326,563,565,1128
63334,859,841,1700
63394,29060,32040,61100
63447,4545,4748,9293
63526,5399,5668,11067
63553,490,476,966
63580,4465,4503,8968
63633,2004,1908,3912
63688,2377,2388,4765
63740,9462,10287,19749
63777,893,854,1747
63802,2294,2233,4527
63866,1421,1414,2835
63893,1272,1173,2445
63937,1674,1640,3314
64005,773,725,1498
64041,2484,2445,4929
64096,1844,1854,3698
64130,1693,1709,3402
64194,1964,1982,3946
64238,774,836,1610
64265,1088,1040,2128
64318,2458,2517,4975
64345,1365,1297,2662
64390,1102,1130,2232
64425,1001,1014,2015
64461,914,1003,1917
64504,549,582,1131
64568,634,625,1259
64602,1767,1717,3484
64639,2252,2353,4605
64719,886,896,1782
64773,1130,1082,2212
64826,2314,2318,4632
64871,1899,1927,3826
64906,1219,1220,2439
64942,2259,2189,4448
64997,914,859,1773
65011,2680,2713,5393
65048,2467,2467,4934
65099,604,556,1160
65105,630,647,1277
65113,742,713,1455
65121,978,990,1968
65139,936,909,1845
65147,469,469,938
65154,589,569,1158
65342,41461,45928,87389
65379,2993,3249,6242
65413,2434,2592,5026
65431,4332,4721,9053
65477,3487,3652,7139
65501,2156,2191,4347
65609,3638,3954,7592
65645,1087,1129,2216
65681,6840,8044,14884
65707,1072,1119,2191
65752,2876,3002,5878
65841,9753,10196,19949
65869,2013,2027,4040
65921,7316,7922,15238
66009,1831,1960,3791
66081,4845,5215,10060
66152,2118,2250,4368
66198,4350,4354,8704
66223,776,818,1594
66330,2320,2307,4627
66401,866,880,1746
66438,2288,2277,4565
66474,3429,3511,6940
66526,1438,1485,2923
66580,1529,1580,3109
66697,3976,4062,8038
66731,2580,2694,5274
66768,2664,2745,5409
66857,4277,4188,8465
66955,764,828,1592
67014,3307,3520,6827
67121,1751,1801,3552
67167,1635,1847,3482
67256,2197,2186,4383
67292,1870,1909,3779
67327,3420,3482,6902
67407,4427,4297,8724
67470,2209,2184,4393
67522,2184,2142,4326
67595,3769,3998,7767
67648,2667,2718,5385
67675,1676,1694,3370
67737,3502,3664,7166
67773,1354,1389,2743
67835,2544,2619,5163
67906,2823,2950,5773
67942,1214,1207,2421
68002,2565,2527,5092
68048,2670,2852,5522
68128,2082,2207,4289
68182,2572,2660,5232
68253,1456,1467,2923
68280,2109,2210,4319
68324,2259,2206,4465
68342,2423,2560,4983
68404,1598,1606,3204
68431,1870,1892,3762
68468,4346,4399,8745
68529,1686,1730,3416
68565,1007,1044,2051
68627,3163,3424,6587
68716,2303,2306,4609
68789,1997,2002,3999
68887,1659,1699,3358
68921,2745,2760,5505
68976,2128,2200,4328
69063,2473,2441,4914
69170,1079,1166,2245
69250,2543,2542,5085
69303,1309,1448,2757
69330,2037,2024,4061
69394,994,1027,2021
69447,935,991,1926
69526,3048,3111,6159
69615,1707,1599,3306
69900,141234,156459,297693
69964,2026,2128,4154
70094,1966,2004,3970
70110,3370,3520,6890
70174,2230,2263,4493
70316,9374,9973,19347
70352,8262,8961,17223
70414,9149,9269,18418
70502,3936,4161,8097
70520,1374,1490,2864
70566,970,975,1945
70637,2754,2897,5651
70673,690,690,1380
70726,1128,1035,2163
70744,2282,2293,4575
70879,1890,1949,3839
70897,2147,2123,4270
70940,1897,2077,3974
70968,410,419,829
70986,684,736,1420
71055,2273,2266,4539
71126,1962,1837,3799
71199,1639,1646,3285
71260,2059,2025,4084
71340,772,829,1601
71457,1954,1918,3872
71518,1224,1249,2473
71536,1209,1231,2440
71572,1683,1664,3347
71607,2965,3090,6055
71634,2314,2225,4539
71698,2023,2034,4057
71723,937,934,1871
71787,2692,2760,5452
71812,754,818,1572
71858,2710,2800,5510
71885,1523,1587,3110
71910,1173,1210,2383
71956,3132,3181,6313
72007,6053,6357,12410
72034,2415,2419,4834
72052,1538,1528,3066
72098,1300,1226,2526
72150,1104,1135,2239
72221,1257,1368,2625
72276,948,968,1916
72383,2155,2170,4325
72409,777,848,1625
72463,1512,1616,3128
72506,1038,1103,2141
72533,1443,1491,2934
72579,1217,1311,2528
72604,346,365,711
72640,1298,1414,2712
72677,1509,1568,3077
72819,899,834,1733
72882,879,895,1774
72926,2357,2434,4791
72953,1610,1603,3213
72980,666,684,1350
73013,639,709,1348
73031,2509,2695,5204
73068,1801,1751,3552
73102,2052,2119,4171
73246,855,916,1771
73317,2350,2305,4655
73335,3641,3736,7377
73371,1267,1328,2595
73460,1115,1205,2320
73503,1440,1449,2889
73567,2529,2628,5157
73594,874,942,1816
73629,1725,1891,3616
73665,1265,1341,2606
73709,2331,2534,4865
73736,5628,5961,11589
73772,1014,983,1997
73852,629,643,1272
73905,1744,1743,3487
73923,1135,1261,2396
73996,4288,4217,8505
74028,1082,1144,2226
74073,1036,1062,2098
74108,955,981,1936
74135,487,572,1059
74171,535,562,1097
74224,806,823,1629
74242,805,849,1654
74322,1567,1603,3170
74359,831,902,1733
74411,1170,1257,2427
74509,1389,1488,2877
74536,2008,1935,3943
74554,1428,1495,2923
74581,2699,2823,5522
74616,993,951,1944
74705,689,647,1336
74732,770,761,1531
74750,1378,1515,2893
74842,1012,1011,2023
74859,1009,1049,2058
74867,725,790,1515
74875,971,1048,2019
74883,924,946,1870
74891,807,828,1635
74907,1266,1217,2483
74915,901,899,1800
74923,757,771,1528
74931,660,669,1329
74949,1277,1308,2585
74956,786,802,1588
75098,137982,149200,287182
75114,2043,2038,4081
75150,2589,2510,5099
75203,20129,22036,42165
75221,3136,2959,6095
75258,3662,3502,7164
75338,1597,1591,3188
75356,1970,1961,3931
75472,3713,3754,7467
75515,3214,3087,6301
75542,1113,1038,2151
75613,1228,1175,2403
75668,1254,1200,2454
75686,1114,1038,2152
75711,2099,2149,4248
75766,4388,4643,9031
75819,1217,1330,2547
75864,1535,1477,3012
75917,1207,1157,2364
75953,3643,3675,7318
76004,1134,1032,2166
76040,3431,3281,6712
76111,1391,1317,2708
76139,1160,1149,2309
76157,3852,3806,7658
76175,2960,2724,5684
76255,2644,2557,5201
76282,1734,1678,3412
76317,2727,2709,5436
76353,1943,1961,3904
76406,3377,3193,6570
76497,1794,1733,3527
76558,1953,1836,3789
76585,2340,2480,4820
76601,4860,4807,9667
76638,927,930,1857
76674,5336,5358,10694
76692,6201,5950,12151
76718,2449,2348,4797
76745,1688,1561,3249
76763,998,1041,2039
76807,1928,2024,3952
76932,724,696,1420
76969,5815,5438,11253
76996,2537,2433,4970
77028,1144,1204,2348
77082,1059,1007,2066
77126,1294,1188,2482
77153,1966,1849,3815
77180,1845,1835,3680
77224,2672,2512,5184
77260,721,651,1372
77288,968,978,1946
77313,2665,2769,5434
77331,3768,3732,7500
77377,1317,1278,2595
77402,3504,3546,7050
77475,1846,1774,3620
77509,1042,1036,2078
77536,1026,949,1975
77561,763,747,1510
77579,1479,1462,2941
77587,928,915,1843
77595,1661,1591,3252
77601,807,760,1567
77812,46474,50213,96687
77910,3785,3850,7635
78016,2692,2658,5350
78089,1052,1148,2200
78141,10721,11304,22025
78258,2927,3002,5929
78329,4322,4552,8874
78454,2514,2614,5128
78472,1491,1491,2982
78542,990,1108,2098
78604,2047,1823,3870
78668,665,661,1326
78711,2116,2074,4190
78748,1096,1063,2159
78828,880,863,1743
78873,1611,1624,3235
78926,1112,1120,2232
79004,3771,3958,7729
79077,1741,1562,3303
79157,1795,1747,3542
79237,1225,1216,2441
79308,5058,5253,10311
79362,1131,1145,2276
79406,1781,1662,3443
79497,1042,1047,2089
79585,1349,1285,2634
79656,894,894,1788
79736,1103,1073,2176
79834,2544,2541,5085
79932,1659,1785,3444
80043,1290,1296,2586
80123,1818,1893,3711
80249,1356,1316,2672
80285,1731,1710,3441
80365,925,933,1858
80427,1067,1127,2194
80506,892,788,1680
80560,1209,1247,2456
80613,1112,1142,2254
80677,941,885,1826
80711,1182,1155,2337
80766,1421,1334,2755
80846,2679,2583,5262
80908,1038,1049,2087
80980,1965,1897,3862
81095,2529,2448,4977
81184,1958,1979,3937
81264,3495,3364,6859
81380,1405,1499,2904
81415,1606,1576,3182
81497,1685,1561,3246
81576,2739,2680,5419
81656,971,861,1832
81754,806,811,1617
81816,1160,1104,2264
81861,2422,2463,4885
81987,814,893,1707
82047,1846,1741,3587
82136,1284,1220,2504
82243,1437,1474,2911
82314,1237,1191,2428
82396,1429,1358,2787
82430,3778,3847,7625
82555,2214,2258,4472
82617,4094,4072,8166
82680,2864,2879,5743
82733,1551,1497,3048
82779,1417,1309,2726
82831,1544,1586,3130
82895,6590,6782,13372
83133,17420,19084,36504
83151,919,922,1841
83197,1658,1707,3365
83320,19702,21568,41270
83375,894,938,1832
83428,748,805,1553
83464,3528,3684,7212
83491,1318,1394,2712
83525,5059,5235,10294
83561,9544,10124,19668
83632,7539,7723,15262
83749,3645,3454,7099
83785,1380,1463,2843
83847,1351,1250,2601
83936,1431,1262,2693
83963,1054,989,2043
83981,2521,2333,4854
84086,2183,2235,4418
84102,1360,1343,2703
84148,773,784,1557
84175,3165,3196,6361
84237,1106,1220,2326
84264,2019,1977,3996
84344,2823,2865,5688
84380,515,546,1061
84415,1856,1807,3663
84460,1311,1401,2712
84558,2869,2833,5702
84594,1692,1735,3427
84629,1881,1696,3577
84656,2700,2606,5306
84754,1732,1735,3467
84825,2243,2272,4515
84923,1612,1524,3136
85056,646,681,1327
85074,1352,1285,2637
85127,1845,1905,3750
85243,648,615,1263
85289,1431,1514,2945
85341,3313,3342,6655
85412,3078,3126,6204
85467,644,619,1263
85528,2035,1980,4015
85582,1419,1388,2807
85626,1398,1449,2847
85680,1344,1303,2647
85760,3092,3248,6340
85788,1181,1181,2362
85840,1732,1813,3545
85877,972,972,1944
85920,2526,2538,5064
85984,1959,1900,3859
86133,1655,1541,3196
86188,1058,1023,2081
86222,677,593,1270
86311,819,722,1541
86339,957,1011,1968
86366,2968,2854,5822
86438,1060,1160,2220
86446,1101,1036,2137
86453,1312,1329,2641
86461,1388,1406,2794
86479,992,983,1975
86487,920,909,1829
86495,808,800,1608
86501,991,970,1961
86519,1020,1022,2042
86687,30939,34938,65877
86749,337,347,684
86810,33017,35554,68571
86883,1008,1087,2095
86936,1227,1254,2481
86990,19934,21764,41698
87059,13980,14214,28194
87077,11919,12447,24366
87139,4544,4584,9128
87175,13694,14142,27836
87219,2232,2361,4593
87246,689,633,1322
87291,7328,8131,15459
87362,1981,2086,4067
87424,6185,6499,12684
87576,5148,5653,10801
87638,10140,11032,21172
87665,6438,6874,13312
87745,1259,1456,2715
87843,459,461,920
87996,1434,1449,2883
88047,919,948,1867
88092,1845,1952,3797
88216,76,77,153
88261,1604,1612,3216
88350,577,609,1186
88449,1016,1022,2038
88546,868,862,1730
88644,1447,1533,2980
88788,995,995,1990
88868,779,835,1614
88920,158,150,308
89026,160,155,315
89080,437,432,869
89151,252,230,482
89240,1595,1546,3141
89348,766,794,1560
89428,1677,1683,3360
89561,2713,2867,5580
89687,751,799,1550
89801,1049,1086,2135
89856,1889,1904,3793
89954,785,815,1600
90066,212,209,421
90119,466,398,864
90208,905,979,1884
90262,489,497,986
90342,1091,1100,2191
90431,607,625,1232
90538,2149,2159,4308
90663,918,1022,1940
90725,632,689,1321
90805,695,749,1444
90878,1553,1652,3205
90994,1405,1438,2843
91054,615,618,1233
91116,1167,1216,2383
91232,1587,1655,3242
91330,1720,1781,3501
91447,521,568,1089
91535,377,391,768
91624,934,988,1922
91688,973,1018,1991
91731,476,500,976
91795,1880,1892,3772
91937,632,657,1289
91982,1317,1409,2726
92097,429,422,851
92177,804,858,1662
92569,34942,37823,72765
92587,4932,4882,9814
92658,24615,27130,51745
92701,16609,17363,33972
92765,6427,6727,13154
92783,592,581,1173
92836,4015,4037,8052
92872,1068,1139,2207
92907,832,825,1657
92961,4211,4313,8524
92989,2563,2494,5057
93021,1110,1185,2295
93067,1731,1758,3489
93085,2103,2248,4351
93101,1560,1643,3203
93156,1258,1241,2499
93209,899,933,1832
93236,836,811,1647
93281,2026,2138,4164
93325,825,833,1658
93370,3407,3575,6982
93441,1437,1379,2816
93487,4388,4227,8615
93539,1456,1482,2938
93575,2762,2847,5609
93600,1289,1447,2736
93628,1164,1145,2309
93646,785,737,1522
93664,2371,2319,4690
93717,1018,1041,2059
93735,1444,1513,2957
93771,1696,1745,3441
93815,2184,2201,4385
93851,1341,1440,2781
93888,3017,3306,6323
93931,1487,1708,3195
93995,1500,1492,2992
94045,1371,1383,2754
94081,1004,954,1958
94107,1680,1822,3502
94125,1365,1406,2771
94161,1819,1857,3676
94223,2671,2673,5344
94269,1449,1482,2931
94312,3068,2974,6042
94330,1159,1077,2236
94376,1613,1647,3260
94429,2090,2014,4104
94456,932,1012,1944
94492,874,869,1743
94535,1064,1085,2149
94562,1692,1603,3295
94580,1245,1215,2460
94606,724,750,1474
94651,1369,1342,2711
94688,946,948,1894
94731,861,910,1771
94768,1055,1179,2234
94795,997,1041,2038
95060,148941,168079,317020
95088,2842,2744,5586
95159,6845,6786,13631
95239,2375,2290,4665
95293,6388,6327,12715
95355,5833,5956,11789
95391,20434,21115,41549
95471,6686,6639,13325
95499,2985,2827,5812
95612,1444,1444,2888
95667,2164,2159,4323
95747,1769,1599,3368
95792,2641,2618,5259
95872,5707,5425,11132
95943,2257,2169,4426
96003,2231,2173,4404
96058,1614,1454,3068
96110,2073,2025,4098
96147,2268,2156,4424
96192,2094,1990,4084
96254,6480,6124,12604
96334,1497,1498,2995
96370,2353,2388,4741
96423,2342,2334,4676
96478,4002,3734,7736
96593,1490,1418,2908
96637,2164,2079,4243
96664,693,597,1290
96717,2537,2263,4800
96815,5293,5001,10294
96888,1221,1199,2420
96904,1455,1402,2857
96940,2482,2309,4791
97009,2893,2901,5794
97063,1918,1759,3677
97090,2025,2102,4127
97189,1560,1420,2980
97241,1675,1594,3269
97321,1624,1561,3185
97394,872,898,1770
97438,2817,2947,5764
97465,1323,1365,2688
97517,1560,1397,2957
97553,1024,942,1966
97606,2987,2905,5892
97679,3637,3568,7205
97722,3051,2869,5920
97777,825,727,1552
97811,1896,1885,3781
97875,2570,2242,4812
97919,6140,5957,12097
98051,2351,2215,4566
98113,2783,2624,5407
98168,1964,2013,3977
98202,947,895,1842
98220,2630,2571,5201
98257,1615,1528,3143
98300,1807,1777,3584
98337,1825,1685,3510
98373,5331,5309,10640
98435,2162,2131,4293
98505,4084,4067,8151
98603,1735,1670,3405
98649,1911,1802,3713
98685,3941,3884,7825
98738,878,886,1764
98774,3253,3075,6328
98827,2304,2189,4493
98916,2498,2276,4774
98998,3731,3739,7470
99058,2301,2157,4458
99101,2141,2009,4150
99165,2724,2710,5434
99209,2194,2092,4286
99290,1740,1657,3397
99370,2698,2584,5282
99441,1357,1392,2749
99478,2786,2730,5516
99539,2554,2404,4958
99600,1904,1887,3791
99673,4153,3757,7910
99780,4180,3884,8064
99879,2389,2233,4622
99922,1010,997,2007
99968,3160,2974,6134
100004,2284,2169,4453
100086,2354,2267,4621
100148,2207,2208,4415
100219,3774,3639,7413
100273,1702,1647,3349
100282,970,938,1908
100308,789,796,1585
100317,1194,1063,2257
100326,1328,1160,2488
100335,1696,1689,3385
100344,879,836,1715
100353,2566,2528,5094
100362,1054,1107,2161
100521,31913,34879,66792
100549,1272,1226,2498
100576,10649,11207,21856
100610,12813,14045,26858
100638,2067,2066,4133
100683,8137,8859,16996
100709,370,384,754
100736,2271,2484,4755
100754,1209,1403,2612
100781,3281,3351,6632
100834,3605,3679,7284
100852,1138,1168,2306
100870,1205,1149,2354
100923,1197,1184,2381
100969,3477,3748,7225
101001,2553,2568,5121
101056,1710,1871,3581
101083,973,986,1959
101145,2111,2278,4389
101163,3008,3234,6242
101190,6263,6410,12673
101243,527,600,1127
101298,4208,4577,8785
101341,1789,1794,3583
101378,1870,1851,3721
101458,3516,3636,7152
101519,694,710,1404
101564,1153,1107,2260
101617,1990,1960,3950
101662,3016,3127,6143
101724,900,941,1841
101742,5072,5211,10283
101804,3880,3931,7811
101822,1713,1749,3462
101840,2503,2542,5045
101902,2136,2393,4529
101957,2672,2717,5389
101984,1704,1717,3421
102035,2609,2812,5421
102071,1703,1705,3408
102106,3560,3759,7319
102160,2526,2683,5209
102213,2597,2722,5319
102240,2056,1989,4045
102286,3056,3383,6439
102348,2511,2501,5012
102419,2668,2670,5338
102446,1313,1375,2688
102473,1330,1314,2644
102525,1299,1328,2627
102543,3253,3684,6937
102570,3456,3475,6931
102605,2200,2414,4614
102641,448,432,880
102703,1541,1712,3253
102749,2208,2368,4576
102794,4332,4462,8794
102838,843,865,1708
102909,2826,2892,5718
102945,2273,2382,4655
103014,2367,2420,4787
103032,3241,3477,6718
103087,2724,2819,5543
103130,2394,2413,4807
103194,1229,1262,2491
103238,2767,2808,5575
103283,1958,1991,3949
103309,935,999,1934
103354,999,1098,2097
103372,1230,1321,2551
103407,1643,1649,3292
103443,1529,1484,3013
103470,1105,1256,2361
103513,3296,3553,6849
103568,658,713,1371
103639,1683,1790,3473
103693,890,942,1832
103764,1596,1589,3185
103862,1728,1804,3532
103899,1825,1949,3774
103960,1760,1762,3522
103997,1674,1697,3371
104047,1720,1646,3366
104083,1003,1051,2054
104118,1192,1286,2478
104136,3634,3847,7481
104181,2821,2897,5718
104225,1373,1347,2720
104243,2968,3115,6083
104270,1129,1178,2307
104323,1203,1234,2437
104341,804,758,1562
104387,2161,2355,4516
104421,1400,1451,2851
104485,2260,2324,4584
104519,1738,1789,3527
104546,3546,3760,7306
104582,1492,1501,2993
104635,1738,1822,3560
104680,2167,2162,4329
104715,1322,1279,2601
104751,2134,2230,4364
104788,1099,1154,2253
104831,4064,4156,8220
104886,1585,1524,3109
104975,875,979,1854
105026,1178,1251,2429
105106,1471,1557,3028
105142,1096,1155,2251
105160,3206,3459,6665
105222,1448,1505,2953
105259,2322,2336,4658
105295,1419,1483,2902
105348,960,1064,2024
105384,1581,1726,3307
105419,2646,2748,5394
105455,1225,1137,2362
105534,2467,2671,5138
105570,2324,2366,4690
105605,2540,2566,5106
105623,3749,3934,7683
105712,1166,1201,2367
105776,1447,1528,2975
105794,884,876,1760
105829,2080,2191,4271
105874,2886,2956,5842
105909,1399,1425,2824
105936,3993,4286,8279
105972,2218,2320,4538
106318,65389,71945,137334
106363,1338,1391,2729
106407,2898,3009,5907
106461,3900,4010,7910
106559,19688,21111,40799
106620,1287,1315,2602
106648,1433,1476,2909
106684,7978,8509,16487
106746,14216,14157,28373
106782,2462,2684,5146
106817,6373,6460,12833
106979,7983,8236,16219
107001,1401,1530,2931
107047,505,529,1034
107083,743,733,1476
107118,903,917,1820
107154,1149,1192,2341
107190,750,769,1519
107234,551,541,1092
107270,2191,2003,4194
107314,2381,2359,4740
107350,2253,2149,4402
107403,1598,1535,3133
107430,576,605,1181
107485,1375,1376,2751
107519,1626,1585,3211
107546,1581,1607,3188
107582,1819,1834,3653
107662,2015,2008,4023
107715,1211,1236,2447
107733,2874,2951,5825
107868,1175,1156,2331
107920,1748,1735,3483
107975,1187,1233,2420
108017,1563,1609,3172
108035,2121,2255,4376
108106,1983,2112,4095
108151,1542,1592,3134
108204,2210,1964,4174
108222,1867,1987,3854
108240,1224,1255,2479
108268,2550,2553,5103
108348,4797,4607,9404
108366,641,666,1307
108400,2042,2072,4114
108455,1203,1238,2441
108473,5275,4911,10186
108491,1427,1447,2874
108552,1590,1525,3115
108598,2594,2393,4987
108614,1002,1008,2010
108632,2272,2247,4519
108669,1726,1649,3375
108696,2699,2510,5209
108712,2911,3005,5916
108794,1295,1280,2575
108874,1764,1722,3486
108892,2553,2456,5009
108918,774,757,1531
108945,1679,1625,3304
108963,5055,5256,10311
109005,1913,1921,3834
109041,1977,1928,3905
109096,2709,2713,5422
109176,3892,4184,8076
109265,3732,3798,7530
109354,1065,1097,2162
109425,685,710,1395
109504,2657,2751,5408
109773,50499,54754,105253
109826,5184,5056,10240
109924,2863,2852,5715
110027,535,538,1073
110063,5888,6417,12305
110116,5654,5743,11397
110232,3054,3117,6171
110296,2209,2097,4306
110456,498,562,1060
110535,1516,1436,2952
110571,1011,1067,2078
110688,504,501,1005
110740,775,796,1571
110820,2068,1930,3998
110875,1475,1469,2944
110946,1062,1079,2141
111006,1672,1636,3308
111097,1215,1169,2384
111220,271,286,557
111275,3015,2968,5983
111417,732,758,1490
111444,1714,1813,3527
111480,1530,1607,3137
111550,1349,1294,2643
111587,838,822,1660
111685,1363,1337,2700
111783,1609,1649,3258
111818,313,336,649
111863,2247,2265,4512
111916,586,636,1222
111989,1083,1015,2098
112030,1514,1535,3049
112076,1464,1383,2847
112129,718,667,1385
112245,1523,1538,3061
112263,657,658,1315
112334,710,637,1347
112370,1079,1096,2175
112469,1443,1435,2878
112548,2330,2334,4664
112600,781,745,1526
112664,1484,1440,2924
112744,892,940,1832
112771,1237,1219,2456
112806,664,693,1357
112879,1994,1927,3921
112904,432,474,906
112959,489,451,940
112995,1351,1361,2712
113153,541,596,1137
113206,694,790,1484
113233,1042,1058,2100
113395,1576,1647,3223
113466,673,756,1429
113493,1471,1475,2946
113518,692,667,1359
113607,454,500,954
113625,1443,1454,2897
113698,638,606,1244
113732,1695,1655,3350
113849,1033,1020,2053
113894,907,923,1830
113929,823,867,1690
113974,862,886,1748
114060,937,920,1857
114079,1028,1125,2153
114319,67335,75756,143091
114355,2919,3007,5926
114382,3715,3969,7684
114417,4575,4784,9359
114453,2680,2690,5370
114514,15069,16632,31701
114603,3010,3017,6027
114710,8566,8868,17434
114809,17611,18690,36301
114854,4525,4853,9378
114925,12290,12818,25108
114970,2441,2501,4942
115076,2888,2950,5838
115147,1556,1694,3250
115183,1614,1584,3198
115236,814,797,1611
115307,1971,1856,3827
115389,3364,3341,6705
115520,2135,1990,4125
115575,1326,1329,2655
115600,382,374,756
115637,2426,2527,4953
115708,1074,1125,2199
115771,447,473,920
115824,1012,1015,2027
115851,1280,1307,2587
115897,2003,2112,4115
115959,3035,2994,6029
116046,1374,1349,2723
116126,781,747,1528
116171,734,726,1460
116224,306,285,591
116288,2086,2115,4201
116340,448,473,921
116395,719,771,1490
116439,1003,1029,2032
116493,2554,2571,5125
116545,2218,2263,4481
116590,2236,1859,4095
116652,2919,2905,5824
116723,853,856,1709
116796,2381,2494,4875
116867,1378,1414,2792
116938,1891,2056,3947
116983,1459,1467,2926
117042,1574,1543,3117
117113,1946,1922,3868
117177,2773,2886,5659
117275,824,781,1605
117319,3123,3022,6145
117426,2518,2545,5063
117505,625,654,1279
117550,2235,2144,4379
117667,1142,1073,2215
117783,1132,1082,2214
117827,4688,4846,9534
117925,1419,1450,2869
117998,1275,1306,2581
118058,1076,979,2055
118094,679,656,1335
118209,2380,2352,4732
118281,3052,3157,6209
118370,1264,1262,2526
118469,1383,1319,2702
118511,635,695,1330
118575,1242,1291,2533
118637,474,461,935
118691,3089,3071,6160
118753,842,913,1755
118799,1502,1529,3031
118824,1109,952,2061
118931,1096,1009,2105
118995,1804,1775,3579
119153,1099,1117,2216
119206,1017,1066,2083
119242,3673,3725,7398
119331,2664,2892,5556
119386,1234,1201,2435
119466,2284,2203,4487
119527,1477,1464,2941
119590,1461,1488,2949
119625,757,750,1507
119661,1099,1133,2232
119723,1212,1242,2454
119750,1070,1099,2169
119803,825,735,1560
119858,487,461,948
119894,3465,3537,7002
119974,1593,1553,3146
120076,950,1018,1968
120138,951,938,1889
120174,371,417,788
120218,882,817,1699
120254,2137,2166,4303
120316,864,895,1759
120343,635,596,1231
120370,1706,1705,3411
120478,806,853,1659
120487,1191,1174,2365
120496,1245,1297,2542
120502,607,617,1224
120511,609,636,1245
120726,49627,55805,105432
120771,4042,4057,8099
120824,3318,3343,6661
120860,31122,34083,65205
120888,3783,3889,7672
120922,3649,3737,7386
120968,4080,4228,8308
121055,9803,10593,20396
121108,1862,2656,4518
121153,1767,1775,3542
121242,2164,2111,4275
121297,2379,2311,4690
121340,2052,1921,3973
121386,979,941,1920
121466,1991,1940,3931
121607,2504,2628,5132
121652,3307,3278,6585
121732,4799,4688,9487
121796,2384,2428,4812
121876,1589,1494,3083
121938,1808,1806,3614
122025,1197,1233,2430
122061,2071,2034,4105
122132,1779,1855,3634
122187,2296,2283,4579
122249,1563,1460,3023
122285,848,886,1734
122347,3807,3666,7473
122392,1183,1188,2371
122463,1271,1309,2580
122551,1586,1593,3179
122613,1117,1064,2181
122668,3273,3195,6468
122702,2621,2697,5318
122828,2424,2408,4832
122864,1277,1218,2495
122908,2711,2740,5451
122953,1963,1861,3824
123013,2341,2274,4615
123102,2975,2854,5829
123175,2045,1942,3987
123228,1152,1164,2316
123255,1836,1773,3609
123371,1981,1989,3970
123424,2966,3077,6043
123479,4202,4039,8241
123521,4538,4238,8776
123601,2662,2754,5416
123674,2811,2788,5599
123709,834,769,1603
123790,2442,2539,4981
123914,4430,4208,8638
123969,1135,1140,2275
124028,2663,2529,5192
124073,2198,2213,4411
124117,4766,5037,9803
124153,2543,2530,5073
124206,5579,5585,11164
124233,1761,1747,3508
124331,1180,1076,2256
124411,1631,1685,3316
124493,1711,1788,3499
124563,1325,1336,2661
124616,1454,1461,2915
124634,4766,4645,9411
124661,2007,2052,4059
124723,2558,2663,5221
124750,1117,1163,2280
124803,2232,2150,4382
124849,2044,1982,4026
124885,2232,2119,4351
124938,2916,2917,5833
125016,4487,4298,8785
125061,3075,3042,6117
125098,1381,1428,2809
125105,992,1061,2053
125114,1033,1088,2121
125123,897,842,1739
125132,983,928,1911
125141,764,713,1477
125150,1383,1354,2737
125169,967,1002,1969
125178,1326,1280,2606
125347,37028,39665,76693
125374,1334,1417,2751
125418,9936,10682,20618
125472,16404,17872,34276
125490,970,886,1856
125542,9109,9720,18829
125588,1284,1310,2594
125622,5906,6115,12021
125659,1114,1053,2167
125677,392,402,794
125757,775,848,1623
125846,1326,1312,2638
125873,1655,1604,3259
125962,2373,2264,4637
125999,1486,1512,2998
126022,1460,1404,2864
126077,1035,1078,2113
126102,874,912,1786
126148,1598,1593,3191
126166,1308,1317,2625
126228,991,1099,2090
126326,1261,1223,2484
126380,1481,1440,2921
126406,1878,1743,3621
126433,2282,2271,4553
126503,1139,1155,2294
126585,1782,1796,3578
126647,1563,1587,3150
126674,602,639,1241
126718,1868,1967,3835
126772,860,975,1835
126825,695,674,1369
126905,600,661,1261
126978,2027,2047,4074
127019,2364,2310,4674
127064,2009,2084,4093
127126,1169,1246,2415
127144,1533,1519,3052
127171,1261,1326,2587
127224,1454,1445,2899
127251,1939,1992,3931
127288,2238,2248,4486
127322,906,914,1820
127368,2376,2385,4761
127386,1893,1660,3553
127411,665,759,1424
127493,2243,2137,4380
127536,834,923,1757
127563,867,882,1749
127625,1309,1334,2643
127689,1784,1726,3510
127714,587,602,1189
127750,1412,1427,2839
127812,679,674,1353
127858,614,671,1285
127901,538,592,1130
127938,1247,1293,2540
127983,2420,2524,4944
128052,936,904,1840
128105,3138,2981,6119
128178,1469,1468,2937
128221,1617,1668,3285
128301,1068,1178,2246
128374,2915,2896,5811
128436,878,884,1762
128472,1558,1732,3290
128524,1419,1356,2775
128560,1414,1368,2782
128588,2330,2285,4615
128613,1567,1545,3112
128659,1509,1413,2922
128711,6061,6194,12255
128864,933,977,1910
128882,581,604,1185
128962,893,1025,1918
129040,1276,1214,2490
129095,1175,1186,2361
129111,1286,1346,2632
129139,1580,1735,3315
129184,1301,1281,2582
129246,1552,1516,3068
129282,891,930,1821
129317,535,567,1102
129380,1286,1345,2631
129460,2351,2269,4620
129503,517,569,1086
129567,1669,1547,3216
129585,1459,1491,2950
129629,1111,1109,2220
129656,1930,1912,3842
129718,721,772,1493
129745,1686,1569,3255
129763,1426,1639,3065
129816,1417,1445,2862
129898,1537,1627,3164
129914,1126,1214,2340
129987,1370,1400,2770
130026,1028,1031,2059
130062,1027,1013,2040
130124,1219,1222,2441
130231,1189,1200,2389
130286,1052,1019,2071
130295,907,910,1817
130302,1117,1103,2220
130311,888,891,1779
130320,899,865,1764
130339,915,866,1781
130348,778,764,1542
130357,826,828,1654
130366,1089,1110,2199
130375,947,964,1911
130384,785,782,1567
130534,105752,119948,225700
130552,4698,4962,9660
130614,3149,3098,6247
130678,4158,4431,8589
130712,4115,4297,8412
130785,5456,5747,11203
130847,2736,2940,5676
130892,4857,4732,9589
130954,2336,2511,4847
130981,9351,10075,19426
131069,5571,5757,11328
131103,8422,8846,17268
131210,4786,5157,9943
131256,16922,19332,36254
131274,2606,2639,5245
131336,6307,6545,12852
131407,7683,8315,15998
131443,4566,4761,9327
131461,1876,1883,3759
131540,5278,6102,11380
131577,3058,3343,6401
131620,5478,5819,11297
131817,6335,7072,13407
131835,3102,3076,6178
131899,1071,1039,2110
131933,2814,2961,5775
131988,1756,1774,3530
132011,1108,1111,2219
132075,4168,4183,8351
132137,609,642,1251
132164,2132,2122,4254
132226,1288,1342,2630
132271,1841,1900,3741
132315,2766,2906,5672
132342,1701,1612,3313
132379,908,999,1907
132404,3722,3615,7337
132459,645,625,1270
132486,910,904,1814
132510,2426,2482,4908
132574,2575,2541,5116
132645,926,823,1749
132681,3460,3571,7031
132716,1690,1762,3452
132752,2480,2585,5065
132805,2148,2300,4448
132841,549,563,1112
132896,2682,2833,5515
133018,2502,2559,5061
133090,2289,2341,4630
133161,5094,5336,10430
133214,4144,4126,8270
133278,1106,1114,2220
133330,3926,3950,7876
133394,1710,1794,3504
133429,952,934,1886
133508,2650,2742,5392
133562,1502,1519,3021
133615,1218,1149,2367
133688,1132,1212,2344
133722,2750,2674,5424
133795,3362,3339,6701
133866,299,287,586
133919,669,619,1288
133964,2636,2738,5374
134014,2329,2481,4810
134050,3118,3288,6406
134096,5325,5509,10834
134194,2003,1937,3940
134336,1129,1107,2236
134390,1225,1222,2447
134443,2467,2382,4849
134559,2502,2622,5124
134648,2001,1972,3973
134755,1233,1200,2433
134853,1205,1170,2375
134899,1044,1045,2089
134942,4219,4463,8682
135020,2649,2740,5389
135128,579,519,1098
135146,953,947,1900
135164,2983,3225,6208
135226,651,636,1287
135244,2744,2742,5486
135315,2156,2106,4262
135404,941,858,1799
135431,2426,2592,5018
135501,1651,1580,3231
135547,1715,1663,3378
135618,1217,1186,2403
135654,543,551,1094
135681,510,522,1032
135725,1846,1957,3803
135789,2874,2912,5786
135850,1177,1252,2429
135896,2226,2300,4526
135949,5255,5544,10799
136107,3362,3370,6732
136134,3594,3582,7176
136198,1970,1915,3885
136241,1619,1584,3203
136250,1050,1109,2159
136269,911,886,1797
136278,1062,1034,2096
136483,51958,58444,110402
136526,10298,11578,21876
136553,1516,1623,3139
136599,7316,7639,14955
136642,4488,4788,9276
136713,1383,1429,2812
136768,1247,1244,2491
136802,1359,1485,2844
136848,3538,3757,7295
136919,1867,1839,3706
136964,1571,1660,3231
137032,1680,1792,3472
137069,3706,3524,7230
137103,1131,1133,2264
137130,1368,1443,2811
137185,1823,1805,3628
137229,2440,2371,4811
137274,1245,1180,2425
137292,1237,1222,2459
137363,775,787,1562
137407,2727,2656,5383
137443,995,1037,2032
137504,1237,1268,2505
137540,1996,2082,4078
137611,1379,1481,2860
137675,1868,1798,3666
137728,825,1042,1867
137746,1775,1698,3473
137764,2412,2445,4857
137844,1433,1514,2947
137899,828,843,1671
137960,2916,2867,5783
138039,3430,3606,7036
138084,3521,3732,7253
138164,1983,2021,4004
138208,2133,2083,4216
138280,2637,2661,5298
138351,1875,1909,3784
138431,2672,2756,5428
138501,727,842,1569
138538,764,775,1539
138574,1553,1591,3144
138618,947,1042,1989
138663,1720,1871,3591
138734,1213,1304,2517
138770,591,571,1162
138805,672,718,1390
138869,1244,1196,2440
138921,2132,2184,4316
139009,1847,1937,3784
139054,856,886,1742
139107,1111,1155,2266
139143,1478,1371,2849
139170,3932,3721,7653
139214,1855,1999,3854
139250,686,785,1471
139287,884,1027,1911
139330,1905,1948,3853
139358,2488,2493,4981
139394,1701,1787,3488
139704,31254,32716,63970
139740,3712,4028,7740
139811,5569,5658,11227
139884,7894,8308,16202
139937,711,720,1431
139982,1060,1150,2210
140084,797,932,1729
140146,1890,1905,3795
140208,1069,1108,2177
140244,755,815,1570
140280,1966,1949,3915
140324,1763,1806,3569
140379,1293,1300,2593
140440,802,896,1698
140477,478,562,1040
140501,1280,1298,2578
140547,1186,1133,2319
140583,622,627,1249
140627,3185,3426,6611
140672,1382,1434,2816
140770,667,673,1340
140823,1423,1412,2835
140869,836,932,1768
140958,838,890,1728
141027,647,653,1300
141081,655,676,1331
141134,1164,1221,2385
141232,1032,1016,2048
141312,1172,1240,2412
141376,1766,1857,3623
141447,1394,1456,2850
141535,1269,1293,2562
141580,1125,1176,2301
141722,1809,1923,3732
141786,879,1045,1924
141884,477,525,1002
141946,1297,1336,2633
142006,1500,1518,3018
142079,1579,1614,3193
142122,1097,1178,2275
142177,1370,1434,2804
142239,1778,1955,3733
142284,2014,1995,4009
142337,1223,1283,2506
142373,583,593,1176
142426,1510,1488,2998
142499,539,568,1107
142550,1452,1456,2908
142612,1671,1701,3372
142676,833,864,1697
142710,1380,1547,2927
142774,1790,1872,3662
142854,881,901,1782
142881,3212,3302,6514
142952,1659,1539,3198
143021,1162,1153,2315
143067,458,454,912
143147,525,552,1077
143450,72306,81898,154204
143487,2059,2105,4164
143502,926,858,1784
143520,2846,2841,5687
143557,3490,3573,7063
143619,25027,26881,51908
143646,1636,1625,3261
143682,5471,5442,10913
143735,7935,8288,16223
143771,2846,2791,5637
143806,4021,4149,8170
143851,2122,2076,4198
143888,846,848,1694
143922,703,758,1461
143959,1411,1432,2843
143995,838,790,1628
144054,7238,7208,14446
144116,2080,2034,4114
144152,2098,1961,4059
144198,1464,1394,2858
144232,1113,1069,2182
144303,1193,1156,2349
144349,1899,1968,3867
144376,754,657,1411
144410,376,352,728
144456,781,806,1587
144508,451,449,900
144535,594,658,1252
144553,1676,1678,3354
144599,1848,1846,3694
144615,1281,1189,2470
144651,1403,1338,2741
144713,2021,2037,4058
144731,1667,1650,3317
144795,1515,1559,3074
144866,389,346,735
144893,458,441,899
144928,2129,2146,4275
144964,643,631,1274
144991,1131,1057,2188
145042,535,511,1046
145104,1848,1798,3646
145140,1550,1503,3053
145202,1537,1649,3186
145220,945,943,1888
145275,1164,1429,2593
145293,1578,1608,3186
145355,1435,1477,2912
145382,331,268,599
145408,2720,2553,5273
145471,1202,1258,2460
145499,2907,2968,5875
145603,1898,1846,3744
145667,2465,2493,4958
145738,882,878,1760
145765,2101,2114,4215
145792,1355,1337,2692
145827,3796,3865,7661
145907,780,823,1603
145934,1230,1402,2632
145961,1149,1074,2223
145998,1297,1289,2586
146012,1035,942,1977
146021,873,870,1743
146263,50721,55522,106243
146281,3026,3131,6157
146325,2393,2419,4812
146370,5072,5062,10134
146432,4899,5055,9954
146502,9147,10120,19267
146539,14010,15314,29324
146584,7580,8238,15818
146628,14201,15317,29518
146655,4500,4688,9188
146708,1333,1326,2659
146744,7805,8447,16252
146799,2103,2061,4164
146860,3711,3715,7426
146904,3708,3585,7293
146931,2640,2773,5413
146995,1572,1639,3211
147036,1805,1895,3700
147054,2030,1936,3966
147072,2281,2419,4700
147134,3705,3533,7238
147161,1151,1171,2322
147205,829,813,1642
147241,1903,1803,3706
147358,3097,3120,6217
147465,1396,1317,2713
147526,2085,2162,4247
147580,1417,1431,2848
147633,4485,4319,8804
147660,1413,1341,2754
147713,917,953,1870
147786,3792,3775,7567
147884,1031,1013,2044
147937,2888,2967,5855
148006,5650,5743,11393
148097,1890,1968,3858
148131,1456,1476,2932
148202,1525,1505,3030
148293,2214,2204,4418
148328,1266,1220,2486
148382,1301,1251,2552
148426,4646,4529,9175
148453,2493,2380,4873
148514,2425,2385,4810
148612,3255,3231,6486
148667,2746,2951,5697
148694,2419,2447,4866
148729,1774,1683,3457
148765,1982,1993,3975
148872,1359,1355,2714
148916,1525,1510,3035
148970,2581,2495,5076
149049,1713,1818,3531
149101,1226,1256,2482
149138,986,1005,1991
149183,1210,1101,2311
149227,5152,5142,10294
149290,5188,5170,10358
149316,3732,3722,7454
149370,1774,1838,3612
149414,2474,2537,5011
149502,1042,997,2039
149539,2676,2519,5195
149584,1000,1051,2051
149655,1687,1544,3231
149682,1141,1081,2222
149753,2975,2862,5837
149780,1404,1419,2823
149833,2533,2592,5125
149851,1131,1130,2261
149931,1570,1572,3142
149968,3419,3224,6643
150043,1904,1839,3743
150070,2152,2126,4278
150114,2701,2591,5292
150178,1252,1233,2485
150196,2246,2184,4430
150221,1488,1539,3027
150258,2726,2551,5277
150294,2883,2778,5661
150310,1750,1637,3387
150356,3102,2981,6083
150418,1384,1467,2851
150445,2111,2098,4209
150524,2806,2900,5706
150588,3833,3909,7742
150702,1146,1055,2201
150766,2148,2294,4442
150891,2028,1946,3974
150935,3101,3154,6255
150980,2288,2194,4482
151022,3723,3573,7296
151077,3147,3177,6324
151095,7587,7524,15111
151120,2758,2621,5379
151157,1836,1759,3595
151246,1513,1575,3088
151344,3073,3080,6153
151433,1159,1084,2243
151442,1947,2008,3955
151451,741,758,1499
151460,1630,1597,3227
151479,2472,2471,4943
151488,1390,1394,2784
151497,738,757,1495
151503,1252,1248,2500
151512,2000,2051,4051
151521,1184,1095,2279
151530,834,802,1636
151549,1417,1375,2792
151558,2159,2149,4308
151567,1103,1020,2123
151576,1451,1440,2891
151585,1022,1073,2095
151683,13314,14464,27778
151709,799,810,1609
151736,2729,2755,5484
151763,1426,1344,2770
151790,23478,25135,48613
151816,1752,1796,3548
151834,2268,2341,4609
151870,14272,15288,29560
151905,5609,5926,11535
151932,782,774,1556
151978,7097,7606,14703
151996,902,1031,1933
152038,1385,1328,2713
152083,1915,1948,3863
152127,1266,1236,2502
152172,2798,2884,5682
152234,1994,2046,4040
152252,1431,1457,2888
152270,492,559,1051
152314,882,801,1683
152332,2217,2181,4398
152350,1688,1685,3373
152412,984,1134,2118
152467,1123,1059,2182
152500,1498,1556,3054
152528,1471,1539,3010
152564,1750,1744,3494
152582,1360,1348,2708
152617,1499,1515,3014
152662,695,777,1472
152724,673,635,1308
152760,2319,2359,4678
152797,892,952,1844
152868,1065,1084,2149
152902,2037,2187,4224
152948,1726,1726,3452
152993,1125,1108,2233
153026,1390,1403,2793
153062,1314,1475,2789
153106,1370,1297,2667
153124,1150,1058,2208
153151,1584,1677,3261
153204,1197,1266,2463
153240,1380,1430,2810
153277,2155,2233,4388
153295,1406,1493,2899
153339,2016,1965,3981
153384,781,769,1550
153400,1356,1314,2670
153437,573,679,1252
153473,1589,1599,3188
153507,3805,3894,7699
153543,3706,3700,7406
153561,1611,1668,3279
153589,1426,1415,2841
153605,3132,3067,6199
153623,1202,1214,2416
153696,1476,1494,2970
153776,1391,1407,2798
153829,1121,1217,2338
153865,1058,1104,2162
153909,413,412,825
153936,1350,1475,2825
153972,638,626,1264
154013,1989,2068,4057
154068,853,913,1766
154139,1275,1232,2507
154166,592,664,1256
154184,1599,1647,3246
154228,1173,1167,2340
154282,1276,1254,2530
154308,750,746,1496
154344,796,908,1704
154380,1197,1270,2467
154415,939,1006,1945
154460,1114,1197,2311
154497,1535,1603,3138
154521,976,1032,2008
154585,1774,1910,3684
154665,1494,1480,2974
154709,981,1112,2093
154736,868,946,1814
154754,1357,1330,2687
154790,1523,1595,3118
154834,2586,2557,5143
154852,1530,1421,2951
154914,918,939,1857
154932,1398,1489,2887
154978,781,805,1586
154996,1279,1324,2603
155083,954,917,1871
155092,700,748,1448
155109,885,943,1828
155118,901,965,1866
155127,1437,1436,2873
155136,881,860,1741
155145,1402,1393,2795
155154,869,996,1865
155243,142472,163994,306466
155261,2660,2895,5555
155289,2839,2963,5802
155314,3590,3894,7484
155350,20910,23459,44369
155403,3611,3876,7487
155458,3125,3455,6580
155494,5748,6091,11839
155528,6263,6870,13133
155546,773,805,1578
155591,1418,1370,2788
155662,168,138,306
155724,811,753,1564
155760,1419,1415,2834
155797,1280,1419,2699
155840,1349,1373,2722
155911,1782,1846,3628
155957,810,735,1545
156035,206,207,413
156106,1077,1202,2279
156151,354,328,682
156213,2524,2657,5181
156259,2251,2386,4637
156277,1458,1469,2927
156311,1065,1034,2099
156357,2495,2605,5100
156437,2526,2617,5143
156473,1793,2000,3793
156534,866,848,1714
156589,590,626,1216
156623,1526,1460,2986
156669,1579,1611,3190
156712,2105,2178,4283
156767,1321,1299,2620
156801,3552,3655,7207
156927,861,888,1749
157004,880,921,1801
157031,1489,1506,2995
157086,3064,3139,6203
157193,582,578,1160
157246,3229,3227,6456
157273,635,632,1267
157317,1517,1552,3069
157362,1486,1496,2982
157424,1798,1776,3574
157451,2995,2998,5993
157497,1952,1919,3871
157530,1849,1857,3706
157585,1125,1169,2294
157683,1157,1148,2305
157736,846,843,1689
157781,1254,1301,2555
157834,2669,2754,5423
157898,1320,1352,2672
157923,781,791,1572
157969,596,526,1122
158010,2101,2236,4337
158065,2561,2575,5136
158109,2184,2211,4395
158136,559,465,1024
158181,1475,1483,2958
158243,1403,1546,2949
158314,4414,4439,8853
158396,1056,1118,2174
158449,1482,1605,3087
158528,2398,2473,4871
158564,3768,3883,7651
158608,192,143,335
158653,3147,2966,6113
158699,2948,3117,6065
158733,1676,1638,3314
158779,1477,1499,2976
158804,974,919,1893
158859,2272,2155,4427
158895,996,1020,2016
158966,1292,1372,2664
159035,1351,1393,2744
159071,993,996,1989
159142,1405,1349,2754
159213,3005,3060,6065
159259,1433,1344,2777
159339,1066,1095,2161
159366,993,1042,2035
159375,1023,1034,2057
159384,1446,1444,2890
159393,797,824,1621
159400,897,934,1831
159419,1175,1153,2328
159428,1254,1234,2488
159437,1039,1000,2039
159446,810,810,1620
159455,1349,1321,2670
159464,1437,1477,2914
159473,1603,1625,3228
159482,689,672,1361
159491,769,807,1576
159507,1064,1072,2136
159516,750,780,1530
159525,847,836,1683
159614,43332,46464,89796
159650,5109,5022,10131
159687,2662,2653,5315
159730,5173,5554,10727
159767,2149,2071,4220
159785,2349,2257,4606
159847,831,755,1586
159883,489,412,901
159945,1382,1571,2953
159963,1493,1428,2921
160047,415,295,710
160092,1158,1154,2312
160127,1946,1876,3822
160172,1201,1147,2348
160225,1092,1063,2155
160261,674,631,1305
160305,1081,1012,2093
160323,729,700,1429
160387,1792,1882,3674
160430,2628,2775,5403
160458,773,720,1493
160476,728,726,1454
160528,730,708,1438
160564,1006,995,2001
160617,2872,2849,5721
160644,2264,2361,4625
160680,2238,2174,4412
160724,1458,1342,2800
160779,516,442,958
160831,1301,1224,2525
160877,1634,1570,3204
160911,1822,1682,3504
160993,1452,1403,2855
161035,2251,2228,4479
161053,1352,1259,2611
161106,1047,909,1956
161133,424,255,679
161151,933,887,1820
161179,3471,3330,6801
161231,432,387,819
161259,1151,1169,2320
161286,543,563,1106
161302,2406,2384,4790
161348,932,851,1783
161384,2438,2306,4744
161464,1675,1781,3456
161482,1862,1771,3633
161525,616,614,1230
161543,1173,1131,2304
161552,936,956,1892
161561,800,716,1516
161794,32568,35379,67947
161829,13955,14896,28851
161856,4929,5060,9989
161945,34047,35990,70037
162014,1591,1614,3205
162069,731,616,1347
162149,882,879,1761
162194,2799,2717,5516
162327,1533,1378,2911
162381,2272,2204,4476
162452,772,767,1539
162498,2608,2552,5160
162559,724,750,1474
162595,878,868,1746
162693,1693,1695,3388
162791,822,721,1543
162871,1049,1034,2083
162924,1306,1327,2633
163002,2328,2306,4634
163057,1108,1078,2186
163137,1541,1607,3148
163208,918,915,1833
163253,1082,1062,2144
163324,1234,1206,2440
163379,1228,1142,2370
163486,2630,2389,5019
163618,2375,2233,4608
163681,2404,2292,4696
163734,1913,1745,3658
163789,1583,1472,3055
163832,2863,2769,5632
163903,1132,1020,2152
163967,1483,1319,2802
164062,1312,1155,2467
164133,1891,1848,3739
164197,1457,1433,2890
164277,1417,1353,2770
164339,2164,1967,4131
164393,2344,2277,4621
164543,1366,1350,2716
164598,1596,1552,3148
164687,2260,2116,4376
164749,1913,1884,3797
164829,1355,1356,2711
164892,1441,1368,2809
164936,2009,2050,4059
164981,3948,3907,7855
165069,1398,1397,2795
165130,1673,1565,3238
165185,2089,1968,4057
165274,1878,1796,3674
165336,1644,1537,3181
165416,1660,1638,3298
165470,2482,2312,4794
165611,1725,1663,3388
165719,1954,1859,3813
165817,1750,1679,3429
165899,1965,1878,3843
165979,2766,2706,5472
166057,1768,1684,3452
166137,1232,1204,2436
166182,1045,994,2039
166235,1664,1665,3329
166315,1171,1147,2318
166413,1811,1664,3475
166529,1941,1787,3728
166636,2399,2228,4627
166672,1573,1609,3182
166707,958,900,1858
166770,2261,2037,4298
166869,2024,1932,3956
166985,1174,1147,2321
167035,1055,1118,2173
167071,2065,1979,4044
167179,5015,4788,9803
167222,827,724,1551
167231,1007,946,1953
167240,998,934,1932
167259,965,865,1830
167268,943,902,1845
167277,1264,1227,2491
167286,909,947,1856
167295,1127,1063,2190
167302,2077,2088,4165
167311,943,904,1847
167320,1945,1865,3810
167473,52806,58248,111054
167641,1390,1483,2873
167696,2238,2300,4538
167794,3412,3500,6912
167909,4215,4475,8690
167981,9473,10427,19900
168041,3196,3472,6668
168130,1741,1758,3499
168229,2255,2125,4380
168309,963,959,1922
168372,4935,4950,9885
168452,2717,2764,5481
168559,1817,1827,3644
168602,2787,2735,5522
168675,1489,1405,2894
168755,631,643,1274
168791,2953,3117,6070
168880,2385,2370,4755
168960,1365,1383,2748
169039,2000,1820,3820
169119,1275,1254,2529
169182,1508,1404,2912
169253,1643,1713,3356
169306,1181,1242,2423
169351,1485,1570,3055
169404,1113,1140,2253
169547,1054,1105,2159
169583,755,784,1539
169681,2130,2156,4286
169896,2724,2958,5682
169994,2024,2004,4028
170097,844,964,1808
170168,1090,1106,2196
170220,1335,1365,2700
170346,1413,1409,2822
170444,804,834,1638
170514,2254,2279,4533
170612,1235,1280,2515
170685,902,1000,1902
170792,1165,1131,2296
170872,1233,1281,2514
170952,1719,1769,3488
171021,958,970,1928
171067,1633,1580,3213
171101,935,970,1905
171209,744,745,1489
171272,1020,983,2003
171325,3346,3442,6788
171469,694,699,1393
171539,1439,1253,2692
171628,1805,1746,3551
171806,1577,1595,3172
171879,1572,1726,3298
171931,1403,1363,2766
171995,1357,1417,2774
172082,2102,2071,4173
172153,1201,1094,2295
172279,930,897,1827
172340,1517,1588,3105
172377,1595,1580,3175
172457,2091,2321,4412
172509,961,903,1864
172581,1113,1094,2207
172698,1328,1319,2647
172812,528,541,1069
172894,1064,1027,2091
172947,1015,1043,2058
172992,1277,1261,2538
173061,1698,1749,3447
173132,703,719,1422
173230,1800,1811,3611
173374,2096,1989,4085
173533,1475,1469,2944
173597,968,978,1946
173686,1250,1275,2525
173748,1676,1760,3436
173793,1736,1702,3438
173855,1265,1381,2646
173935,1918,1981,3899
174021,1949,2052,4001
174085,1468,1512,2980
174156,1513,1468,2981
174218,836,839,1675
174254,817,761,1578
174290,1185,1231,2416
174496,553,505,1058
174502,1046,1005,2051
174511,781,811,1592
174520,646,622,1268
174744,46227,51418,97645
174780,1826,1949,3775
174824,2155,2248,4403
174860,9061,9409,18470
174922,6169,6521,12690
175019,4524,4623,9147
175055,4035,4569,8604
175126,974,884,1858
175206,1039,983,2022
175224,762,739,1501
175260,840,817,1657
175368,2371,2461,4832
175439,879,914,1793
175466,1117,1125,2242
175509,1287,1194,2481
175590,1524,1704,3228
175670,1944,1942,3886
175732,1442,1499,2941
175787,933,926,1859
175885,2481,2667,5148
175938,2138,2258,4396
175983,2376,2414,4790
176150,1431,1339,2770
176212,2307,2456,4763
176301,3302,3483,6785
176338,1419,1367,2786
176445,3659,3508,7167
176506,1933,2129,4062
176551,819,797,1616
176613,2226,2433,4659
176686,2061,1937,3998
176748,1685,1782,3467
176793,1981,1977,3958
176855,1226,1138,2364
176891,951,933,1884
176944,2337,2069,4406
177003,1099,1072,2171
177101,1063,1003,2066
177236,3435,3214,6649
177263,1333,1309,2642
177352,2110,2166,4276
177405,1696,1701,3397
177469,1252,1180,2432
177557,2115,2152,4267
177600,2647,2739,5386
177655,3443,3297,6740
177726,983,1039,2022
177762,1119,1326,2445
177799,1828,1921,3749
177842,2783,2942,5725
177879,1141,1023,2164
177986,2270,2480,4750
178046,1491,1647,3138
178117,1967,1887,3854
178180,2575,2603,5178
178279,1242,1259,2501
178313,1017,1014,2031
178377,3641,3741,7382
178475,1000,1039,2039
178545,2029,1923,3952
178607,3091,3060,6151
178689,1720,1754,3474
178750,1428,1384,2812
178821,4189,4404,8593
178885,873,836,1709
178894,1802,1716,3518
178901,1629,1770,3399
178910,1087,1063,2150
178929,1344,1373,2717
178938,1652,1652,3304
178947,844,893,1737
178956,1245,1283,2528
178965,706,719,1425
179221,5932,6298,12230
179249,5474,5708,11182
179285,6596,6943,13539
179310,3769,3980,7749
179347,3612,3710,7322
179383,4822,5074,9896
179409,4506,4680,9186
179463,3282,3355,6637
179481,5962,6474,12436
179515,11121,11679,22800
179533,9039,9732,18771
179551,18145,19013,37158
179588,1591,1697,3288
179604,462,488,950
179613,1311,1260,2571
179622,1030,1012,2042
179631,504,511,1015
179640,2587,2652,5239
179659,1203,1191,2394
179677,652,716,1368
179686,1560,1464,3024
179695,579,611,1190
179702,1949,1815,3764
179711,1628,1719,3347
179720,808,767,1575
179739,1238,1230,2468
179748,1160,1263,2423
179757,1107,1163,2270
179766,947,1006,1953
179775,1281,1316,2597
179784,1458,1460,2918
179793,612,597,1209
179800,873,942,1815
179819,1594,1600,3194
179828,1030,1053,2083
179837,693,699,1392
179846,1212,1218,2430
179855,787,827,1614
179864,760,779,1539
179873,969,965,1934
179882,688,758,1446
179891,1801,1811,3612
179908,1505,1436,2941
179917,940,855,1795
179926,1151,1113,2264
179935,1498,1586,3084
179944,658,696,1354
179953,665,679,1344
179962,1762,1763,3525
179971,678,750,1428
179980,843,833,1676
179999,630,673,1303
180000,1033,1082,2115
180019,631,664,1295
180028,1310,1326,2636
180037,956,977,1933
180046,1452,1450,2902
180055,1069,1168,2237
180064,3149,3144,6293
180091,1365,1448,2813
179141,101430,123970,225400
179150,155250,189750,345000
179169,173430,211970,385400
179178,129150,157850,287000
179187,122220,149380,271600
179196,165150,201850,367000
